0 2245
10000 220475
20000 440475
30000 660475
40000 880475
50000 1100475
60000 1320475
70000 1540475
80000 1760475
90000 1980475
100000 2200475
110000 2420475
120000 2640475
130000 2860475
140000 3080475
150000 3300475
160000 3520475
170000 3740475
180000 3960475
190000 4180475
200000 4400475
210000 4620475
220000 4840475
230000 5060475
240000 5280475
250000 5500475
260000 5720475
270000 5940475
280000 6160475
290000 6380475
300000 6600475
310000 6820475
320000 7040475
330000 7260475
340000 7480475
350000 7700475
360000 7920475
370000 8140475
380000 8360475
390000 8580475
400000 8800475
410000 9020475
420000 9240475
430000 9460475
440000 9680475
450000 9900475
460000 10120475
470000 10340475
480000 10560475
490000 10780475
500000 11000475
510000 11220475
520000 11440475
530000 11660475
540000 11880475
550000 12100475
560000 12320475
570000 12540475
580000 12760475
590000 12980475
600000 13200475
610000 13420475
620000 13640475
630000 13860475
640000 14080475
650000 14300475
660000 14520475
670000 14740475
680000 14960475
690000 15180475
700000 15400475
710000 15620475
720000 15840475
730000 16060475
740000 16280475
750000 16500475
760000 16720475
770000 16940475
780000 17160475
790000 17380475
800000 17600475
810000 17820475
820000 18040475
830000 18260475
840000 18480475
850000 18700475
860000 18920475
870000 19140475
880000 19360475
890000 19580475
900000 19800475
910000 20020475
920000 20240475
930000 20460475
940000 20680475
950000 20900475
960000 21120475
970000 21340475
980000 21560475
990000 21780475
